187
9999
14
8003 5307 59558 131 36075 76523 46079 69352 19634 25732 52506 27423 47804 47547 
9998
19
39237 34701 14081 31316 97190 85027 32067 78073 7193 63916 23867 7541 17066 85931 93052 865 53242 73064 64416 
9997
12
52051 72730 59288 63033 71992 85584 53944 47148 69237 44061 28529 10870 
9996
16
69971 37131 50533 74454 78170 53335 92682 46351 45377 67187 6423 43344 31883 85586 6242 83827 
9995
18
71410 93756 6524 23844 14391 8124 91767 78727 68726 61205 73596 86369 89542 49403 37631 1518 46238 70893 
9994
14
7092 28710 60602 54784 28129 93548 52988 51768 33344 81303 50457 66894 20708 75783 
9993
16
57703 49031 45990 46906 36072 14680 19710 71468 44783 55118 27075 72203 13809 63913 44185 79752 
9992
17
24118 54487 65697 28487 84675 94642 60898 2448 11896 50037 63811 12834 19245 18310 97315 65970 21906 
9991
17
56716 22243 43231 32898 95408 4563 19048 60665 37 1570 98864 33383 72860 9968 51502 30752 19210 
9990
20
67807 15941 75856 86359 65349 91768 73697 12789 84247 87181 97185 4701 66763 95940 68991 90932 74101 97012 18639 78087 
9989
11
25891 34117 41493 40136 37255 59460 11994 69340 19744 60722 19518 
9988
17
30597 48035 52164 49773 1131 22228 48873 80018 69107 53433 87754 88974 16440 96950 65656 5272 12630 
9987
14
81992 54002 45437 58783 76853 74544 55495 98658 26202 98610 51242 49936 8091 13285 
9986
15
4568 11635 27290 53312 59227 70134 13568 48409 85635 67087 48586 7492 3996 92716 18829 
9985
19
57997 18118 39791 35989 31641 95315 13262 86708 46976 44342 43277 352 5474 81469 71651 81477 4521 27065 94829 
9984
20
9833 9593 11821 94149 71598 34198 23974 72798 54516 91754 29999 74962 77724 45974 44706 55113 39137 65749 21147 32827 
9983
11
82968 96527 95001 13480 82378 60907 9763 76397 43725 87773 25503 
9982
17
67579 17891 93782 42782 92254 560 73037 86900 18704 97201 36138 88801 99619 6876 26828 8580 73764 
9981
12
57431 45675 85950 77470 25940 33265 98998 50305 56954 50667 87829 11285 
9980
19
54620 67749 71117 93626 75845 27823 64647 62181 95073 76719 90109 678 13131 18809 26187 65687 65284 7725 29629 
9979
19
51509 34855 99501 7099 34206 19621 25079 58806 53425 87163 75381 14813 24192 68740 27550 90942 40434 12572 39199 
9978
13
8269 34257 95881 81895 88991 43088 33823 91524 76952 18542 55913 56180 74011 
9977
17
43782 72965 65820 49485 4094 33970 40856 1364 63775 60396 87676 65125 68248 28429 47123 52412 92433 
9976
19
36773 71934 94155 80825 13393 46923 56787 70401 789 87806 53636 56801 88266 21657 62503 28661 29360 91648 94520 
9975
14
4637 75546 7047 84934 73261 41564 3270 20251 98346 47748 37935 71752 49879 12838 
9974
19
98201 92066 99437 23324 96448 44834 74953 79498 98977 3130 38381 90364 65344 67287 94198 97944 84938 36531 40907 
9973
10
57987 90739 39969 27456 64736 96023 50537 36206 13220 29936 
9972
14
18025 87287 82972 20484 20289 40970 51730 6953 14160 89694 17692 32106 49225 89228 
9971
16
35042 1694 49710 43009 43708 183 96296 94187 77332 39106 25659 29304 24796 5995 16829 49050 
9970
10
49020 67604 22242 27143 95464 94432 37977 84975 49813 59529 
9969
16
6156 11610 37860 95854 21780 72751 52544 51979 18515 68976 45751 81322 44029 54842 99075 281 
9968
17
35639 32977 90427 50967 70904 64034 96894 82102 73626 53414 3208 12361 21363 11920 94569 3367 14120 
9967
17
45729 78113 26088 99313 40981 31556 71081 74751 5526 94368 18430 32317 19232 32649 51540 24085 83090 
9966
17
35141 94205 96753 91992 43424 66745 25555 4515 37967 49157 51312 2384 47023 54418 97543 53382 7254 
9965
12
5383 14381 44731 2615 90631 41978 64248 68053 43646 31691 76869 34402 
9964
15
63313 90826 3910 5296 93600 72148 53911 73032 27356 63277 37679 74882 32776 17291 23351 
9963
19
43895 99824 51392 1914 54749 47722 34741 74257 11101 27003 55717 13534 3471 32448 13159 66242 23537 35723 9928 
9962
20
16559 57707 61263 65389 96903 59462 75876 23354 73156 94676 88430 27352 93742 29450 58369 92955 39096 94146 84389 32814 
9961
18
28694 79980 82655 12357 66223 2819 94883 80848 89342 55026 80328 23498 89259 54869 39937 33325 95507 32700 
9960
12
72481 72726 90539 19578 81485 51956 6102 64334 87648 62212 54985 10159 
9959
13
52749 7285 58183 38560 4214 14715 20609 6915 44815 26480 9752 77174 96191 
9958
15
58465 80897 1314 88166 86319 23141 14419 28942 98420 82858 99344 4164 74683 20595 57271 
9957
14
44572 99567 54115 72033 25033 8807 77993 11225 66822 42826 95280 81626 94384 84047 
9956
13
39065 34601 32066 83481 46911 51185 73679 26478 97509 882 84525 86895 38387 
9955
19
34016 32652 11631 73413 91437 48544 79603 81418 47250 59542 83193 51468 14402 95477 33800 34552 57289 25906 68997 
9954
13
85957 16593 24599 91260 18434 74355 53316 18951 68841 98565 41442 77371 47005 
9953
18
96750 19675 61627 60133 69069 46116 30621 83879 42897 55218 45894 59237 83311 74449 87428 19279 36687 27536 
9952
11
15371 92306 88127 50646 86956 43660 10359 84073 23164 96648 98626 
9951
20
99083 30746 15113 50730 51430 98805 77165 93979 29724 6896 30497 50703 44718 79279 75166 83863 23612 49895 59129 64155 
9950
14
42380 72253 43620 2144 71847 16777 17136 49231 2873 28562 57279 2947 44004 95640 
9949
15
48295 69454 81333 19309 83717 83753 1238 28992 73271 27139 96578 18705 85791 71386 96350 
9948
12
78907 55894 15301 44866 60007 7578 10231 23869 74943 4624 83858 90758 
9947
10
36168 66091 61594 97238 15484 45607 23850 62337 67057 51202 
9946
11
16291 8921 40446 66502 73525 3644 91553 14189 37426 60802 93444 
9945
15
27614 46780 74099 4118 51500 52417 82077 1608 66456 35303 56229 74190 16504 39850 4135 
9944
11
47011 86547 37998 38596 38298 66677 16978 79482 99299 3491 10318 
9943
10
78909 55687 99815 98255 86664 29452 81098 40379 29836 87603 
9942
13
44516 85910 21151 96408 89284 12038 66376 68696 26131 79194 92340 92963 34801 
9941
12
49025 35866 33837 49356 75885 21924 62087 2249 29858 81091 22657 2789 
9940
10
23236 94771 25367 84009 76876 67245 34202 60627 93630 97044 
9939
15
68487 49566 46159 279 24064 97962 3656 70741 75717 2810 22615 57793 36622 2578 71248 
9938
15
58260 12168 54067 85244 35077 73694 14655 99117 30212 96019 65909 27421 5561 20363 25607 
9937
19
93635 71638 55483 93171 8300 93406 65351 67641 66338 80626 27017 16797 80087 32255 64210 19533 23664 33274 73695 
9936
12
72556 74831 50206 98806 90347 8667 68868 5817 80212 10683 12867 32529 
9935
11
24775 19425 16590 95122 69125 22836 1122 4387 87372 90786 66251 
9934
14
48939 74498 12599 85896 33290 26078 50954 40644 13865 62769 31611 76048 61475 42785 
9933
17
12594 49476 81109 98630 47860 95893 43386 41003 76912 65315 98843 69759 95604 61615 97445 75433 30985 
9932
9
10684 53141 97712 49725 21659 83740 83419 95686 91234 
9931
9
36482 99481 10131 33918 77000 98582 27343 66129 77884 
9930
18
9300 94706 67884 48502 58972 95750 1143 21141 7018 58614 90104 31945 20648 10560 36607 85769 77304 52354 
9929
19
34296 13977 17181 48263 28868 91059 37790 22371 62131 35823 78255 58044 64777 4267 10639 43126 46547 30122 72197 
9928
13
52582 72437 41896 30336 6484 28692 69038 62047 53 9916 45226 2954 98796 
9927
12
87095 74206 6861 79480 62049 6495 62499 30544 79254 15046 25242 75180 
9926
19
88696 85636 47992 31119 60362 51440 56215 96756 90990 93284 71798 61502 78372 64989 60582 83446 81947 28125 84581 
9925
19
75380 59648 9491 68727 79183 91552 67164 11784 65805 76086 52043 39401 61658 18840 67971 32290 1368 98421 11544 
9924
11
2702 57076 11346 79192 87739 67034 90976 73168 93209 3698 83587 
9923
19
1762 54496 59906 37657 37342 81253 75140 32353 73896 78867 72372 91828 97093 53462 29856 9711 24032 52952 13489 
9922
15
23760 5847 94940 53726 77306 12820 56391 57338 25632 82790 47451 47545 94147 39709 64093 
9921
12
4632 49816 70450 3929 76698 31524 42806 51518 96584 5165 44225 96109 
9920
12
19624 54354 39268 30969 54218 12708 75967 20236 50686 60820 41378 97151 
9919
14
45714 60013 22991 88524 9049 6059 46417 75411 17227 54379 32786 72542 24844 10097 
9918
10
31825 63551 14457 79933 27484 83949 49584 71772 61821 47523 
9917
12
27128 59759 77235 32467 63004 76395 60850 66164 89780 1228 71217 26075 
9916
15
75779 58820 1929 77432 19396 1394 86729 95010 80348 93644 89381 92092 88744 22530 96141 
9915
11
27220 33289 76864 30182 98407 1937 82256 29811 58225 13545 62042 
9914
13
67375 4360 9671 8071 474 27393 64613 47962 61357 9103 33981 83599 66272 
9913
16
36752 86317 27883 79315 54421 34662 44924 74864 6464 11524 49953 73854 5896 26746 96531 93744 
9912
19
50639 21817 79899 23022 83713 13991 96759 23192 47993 18644 93984 7623 62952 98213 91102 75490 68980 23490 79645 
9911
18
53222 60879 35153 23834 9623 31495 4393 86125 72497 22964 244 16947 21567 98925 80577 10230 30592 1380 
9910
15
43973 29210 30943 32944 36877 32962 65676 77649 63854 46506 59231 27326 93810 76814 66884 
9909
18
61424 7380 1823 96229 27031 41833 10602 5882 2835 78120 31603 40880 88491 78492 2268 41339 97876 3900 
9908
11
57173 93533 80690 57506 81351 41684 88742 59591 36946 35394 58543 
9907
12
80521 15926 33879 78210 12893 17966 13976 83400 92934 9982 24346 69750 
9906
14
45726 80751 21823 94805 10290 59724 23455 484 42280 39590 51599 77875 11028 28601 
9905
12
69944 16747 19094 93246 74140 47237 99679 91172 85301 82949 29270 48023 
9904
18
30703 43274 87616 57075 63631 6926 24338 25066 55094 97407 12052 56766 1365 53117 3549 99085 6235 45664 
9903
12
83903 21291 6419 57467 95276 15680 14697 83415 59019 28243 88746 99937 
9902
16
4084 65836 66026 40081 59636 62886 27041 14892 34067 79649 33833 13055 35010 32469 46754 15058 
9901
17
22114 48671 24859 98098 63013 11348 60223 89925 67709 71267 27587 92842 3021 38101 33061 38805 56066 
9900
20
56380 97765 61359 84053 84632 90242 73966 80409 41969 41059 25311 56629 41733 84631 87020 51525 71963 25784 92581 27869 
9899
16
97556 87520 95372 22209 65399 20726 15968 46712 36491 14382 14623 6734 93401 43684 17751 38117 
9898
15
11194 22611 87787 14387 89994 64094 25338 30879 96870 30664 26201 72220 2945 60964 52840 
9897
19
8004 36505 33714 49368 91000 46953 90985 13149 97718 90042 82779 28302 90831 76563 98787 2374 47803 27806 17302 
9896
13
49592 7590 61914 51150 49364 30933 28821 34972 8172 71693 5848 40084 59598 
9895
18
79774 29913 82136 58356 72377 74780 83249 81912 25017 27516 68092 91891 3492 99502 71577 30350 30448 71416 
9894
18
35214 91729 36006 45759 18259 9587 99050 31305 13992 46114 53326 22903 7781 75793 7186 28696 65585 79207 
9893
19
34866 22948 34049 9759 61085 56815 17701 65727 70781 74732 23290 85696 71005 73210 1727 89762 78310 33494 16837 
9892
15
96695 73968 60546 52076 25915 28836 14738 94298 41396 32011 97006 16092 61203 28932 71311 
9891
18
73420 2305 29469 30387 57647 5582 94423 24455 61811 22756 38349 25805 73284 39877 21999 14371 12587 99413 
9890
11
59307 65578 15422 54247 94092 21962 27013 48606 37089 39202 31260 
9889
13
47077 33093 55108 75279 29752 28851 70722 39701 75653 17833 99860 71030 32305 
9888
16
68606 32783 29457 19900 11607 85297 12358 6384 38227 489 54268 39307 52937 87413 22021 52810 
9887
13
43272 47825 14045 81587 14723 32428 17517 52145 50465 62498 66188 25661 89257 
9886
10
12653 79311 78452 41278 51868 94863 98799 9826 77423 22603 
9885
11
1956 8359 33649 47178 65803 36720 40691 36366 1382 83013 7901 
9884
20
6323 15029 18796 3832 25211 72755 20190 28536 62799 15040 26703 20960 57860 31633 40805 69399 53437 64705 7455 82191 
9883
17
3830 39882 71640 6274 43069 17818 36912 98487 97782 83828 96059 38521 49046 83645 94182 46666 75341 
9882
11
88230 34929 95506 58916 67493 87633 407 21506 58055 11092 92736 
9881
12
11404 99172 29777 79701 82411 28300 81295 56079 94920 77283 69561 58411 
9880
10
89178 75514 20255 71004 96292 18267 27620 91957 9624 7240 
9879
16
63233 77530 6664 85212 89400 68373 30261 78749 79830 66732 42265 94631 74844 46162 43004 39931 
9878
12
75605 20360 83310 24447 47150 58222 99160 85594 37524 16787 57028 74552 
9877
15
98810 54157 76573 25646 36518 24314 32506 33803 77664 64132 37248 95719 56536 1822 89664 
9876
10
22230 85230 38918 57244 82041 49465 753 54404 71364 48488 
9875
14
56252 65001 93027 83136 74664 49855 66807 18393 49560 25113 56147 91355 18221 76052 
9874
11
7443 28627 55061 31330 92765 701 64558 20303 66629 91647 4445 
9873
20
71994 786 31740 12600 43377 75357 96284 21049 46637 34943 4663 95099 26306 69151 61023 31850 13861 83456 69032 45056 
9872
12
22001 56111 32420 60493 51849 46559 42558 4537 47501 91580 85527 86685 
9871
13
47617 1601 21955 84703 15552 17117 70576 92079 63085 58231 80393 29061 87836 
9870
19
7031 65133 10416 35560 99838 42155 40333 49916 95460 40288 27792 26958 34553 68752 59381 34399 91285 35036 84963 
9869
17
18657 53310 26515 18022 65457 80279 61595 51310 44304 23921 69384 76618 50066 202 35418 80882 56096 
9868
10
13721 15035 74398 7951 3232 79361 54093 13146 33650 91849 
9867
17
2580 49063 47324 93080 39009 67226 89611 4609 80104 86488 77515 74718 74272 37607 67764 22787 15390 
9866
18
76475 48961 54283 15118 47055 38044 91969 17896 33824 39032 27889 62003 499 60370 3146 83322 76335 29136 
9865
17
47495 76507 76877 93761 86908 51904 70495 22389 11878 52652 56627 20214 29054 94273 79553 99080 13829 
9864
20
94143 57004 7356 20449 89689 57304 11576 63385 54687 47069 3605 71023 74649 43488 39604 90037 63611 54616 49206 87077 
9863
19
92596 45952 13687 37145 51019 92764 37999 44851 5681 66438 49458 87376 21622 54906 61288 64221 4296 19321 44175 
9862
11
7539 17807 96593 55292 11419 48445 25300 74405 1559 73623 28365 
9861
18
80881 27791 91812 83404 21458 96143 781 57890 48795 67306 31736 16663 73315 35112 48099 41947 39962 22986 
9860
16
60044 89783 92745 54149 92784 92984 40664 73220 69411 63199 32327 52881 87691 82718 38456 40996 
9859
14
43040 42500 38544 16269 39410 78722 50274 87235 192 63036 35233 32797 72177 80912 
9858
14
1617 45325 51796 61711 18419 82582 60372 22104 56789 30225 60637 21636 63971 19044 
9857
13
87403 66318 50140 58109 93616 99286 77441 45211 47428 67060 24354 51981 6287 
9856
13
31681 69599 39919 70510 45339 66644 41517 29506 35619 11485 33551 13722 90350 
9855
20
79077 24583 83257 60258 34698 21342 74200 89198 84226 45533 55738 69233 94033 64392 14014 31629 18568 56073 2999 51479 
9854
15
93033 35927 23803 96724 68112 86727 36474 17155 37262 34180 27114 75673 65292 13134 84044 
9853
12
57516 21719 70442 26022 57591 19703 31917 38956 21740 20331 8873 16240 
9852
18
71367 77919 65136 52206 87708 24273 42466 43624 43414 22245 6912 76378 17676 49328 2901 47385 43809 14664 
9851
19
57908 87011 9592 99196 41277 73101 70436 56173 3380 12343 56519 83685 49534 89482 69980 46002 59557 17211 42771 
9850
11
47762 40658 37533 85252 94545 334 38706 49905 48557 51073 92769 
9849
10
89919 67695 30718 60399 76717 22083 63262 35489 76062 746 
9848
11
19846 59308 19154 66696 50894 50014 87308 38687 25141 78222 31778 
9847
20
31148 40102 83562 42249 83320 67470 86436 11764 81346 76930 85170 90236 37905 34886 96190 53569 51583 49572 25360 98774 
9846
11
729 54800 39083 53651 14282 50779 29434 20075 4357 20822 44845 
9845
19
26136 18881 916 17412 29601 39398 76611 43106 29405 17059 62036 13667 78681 59022 25038 13994 61588 75901 86225 
9844
11
96461 69948 74713 12985 18721 20201 80143 66674 1386 76632 91082 
9843
15
98945 3180 51111 48788 13038 79047 61546 99251 8446 85363 37139 29179 98959 38990 17085 
9842
15
39293 29122 54736 75365 63452 46210 38843 96395 77661 70352 11049 21875 58365 66410 76781 
9841
19
72656 75825 90202 96518 22309 16734 75549 19142 28001 97431 48675 96652 16110 87567 75796 43848 58415 30109 77965 
9840
11
40243 84012 97955 956 6114 84956 40557 44033 38435 74715 53882 
9839
12
14616 95231 68633 16047 12620 12122 43447 42612 28221 34327 55567 13529 
9838
16
77317 78888 56015 2041 14368 99865 94437 82138 37578 7403 90184 13322 33755 27486 11318 59402 
9837
16
6827 15461 6324 63596 59260 55380 68610 33788 46633 67611 11881 7111 44252 85264 1223 42122 
9836
20
46523 49563 78858 84746 92220 34747 93608 79991 37094 15151 10156 86374 54368 63244 72558 85288 65991 64956 32683 32046 
9835
19
5566 26071 91263 46300 68441 70311 29292 57544 93928 99155 20168 36816 30494 19439 11209 8440 72948 89911 99419 
9834
18
39496 70480 13654 45350 42574 78373 94848 25560 24797 53139 68786 71188 83856 41535 16755 99321 88607 65617 
9833
11
42595 74638 29207 14706 74124 60218 63306 4580 69354 13060 33929 
9832
11
36565 89715 83287 55459 12505 10528 30669 9227 1785 21076 20405 
9831
12
38506 1355 56701 57943 65758 13103 21575 94881 18882 66978 94379 93947 
9830
9
84204 36465 43857 53964 49605 5993 79546 93878 91697 
9829
19
64120 3990 70861 21391 20136 47730 11205 75869 47315 97558 32779 86822 83501 1070 67231 77453 56041 51779 88487 
9828
17
55184 42240 79444 56591 80311 10767 53823 6880 48580 86785 87393 35386 16857 98329 72892 37530 24060 
9827
17
58578 93199 22757 74318 20602 15165 7260 46562 81476 15530 84263 87201 40999 23658 4113 31392 45735 
9826
10
16367 54066 83224 77445 64610 12675 11208 88395 32490 1752 
9825
14
69417 78362 28843 41850 22302 80134 53762 10778 72658 84101 51662 88978 2204 91004 
9824
10
66959 15896 57414 43651 23036 98422 65308 98153 16142 90862 
9823
16
85651 42905 32545 13819 46625 96311 69755 28275 68382 73443 41591 59487 5814 23198 17293 46126 
9822
16
49397 6557 46839 63649 23017 80800 73474 6489 64185 15665 17524 99995 78886 33601 99677 77581 
9821
20
39084 77756 63571 58818 53120 93674 50004 56717 13743 81806 32324 95071 47720 98068 63208 21714 78544 39547 59651 91297 
9820
12
67131 49049 82731 84909 49293 85206 68654 99582 85712 16824 79233 54582 
9819
19
93374 2436 85430 83450 5316 67391 47311 95822 69244 62939 60785 24020 39433 42238 7682 61198 74238 89719 51889 
9818
17
47713 56045 93913 27204 40418 60314 76990 38040 37040 45527 69700 22403 11019 84940 63453 91995 76995 
9817
20
30541 85719 25197 65590 36123 12825 52179 97722 77427 14027 38749 60663 84904 82066 40632 19315 91642 16753 68378 79948 
9816
13
92959 52723 35174 6690 8065 31683 7367 47766 85188 20765 32860 58457 18966 
9815
10
77415 34294 3570 68701 19606 51921 71335 3852 52955 4291 
9814
17
32495 38473 51280 4881 51327 61093 45444 63969 36275 98078 98852 30769 36668 5046 59032 80386 85182 
9810
10
4726 53684 93754 8905 72649 53669 7955 1912 95564 33464 
